-1.780781902581569511e+03 -1.864000566268119883e+03
-6.019490061815616855e+02 -1.854928406735260978e+03
4.070311074395717128e+02 -1.839000764223963870e+03
1.820674257837687037e+03 -1.864304199914880428e+03
2.058429654547261180e+03 -1.954921857001656917e+03
2.415676967460815376e+03 -2.135076045337945743e+03
2.817496196124083781e+03 -2.270785654453845382e+03
2.980705384912575482e+03 -2.212337976273245204e+03
3.113896081149528527e+03 -2.079624746033720839e+03
3.217075685443751809e+03 -1.872749099852040217e+03
3.276023442681422694e+03 -1.739775596957151038e+03
3.275569314113714427e+03 -1.636179442409061949e+03
3.170223150943849305e+03 -1.384305016744338673e+03
3.005396833631425579e+03 -1.161997339764662684e+03
2.930339521183716442e+03 -1.028836155556399262e+03
2.840439636536977559e+03 -9.104685034015906240e+02
2.735688571386935564e+03 -8.068794830662014874e+02
2.660706144847305495e+03 -6.887608343952417727e+02
2.511171568117908009e+03 -5.705135360838788756e+02
2.406390857959398545e+03 -4.525707141145066998e+02
2.331633570686770327e+03 -3.936000574924558464e+02
2.241793883508709314e+03 -2.612874645009360393e+02
2.196835371261449382e+03 -1.438893591630688036e+02
2.181829242085139867e+03 3.203193057638914354e+01
2.167339918357769420e+03 3.252214417783367821e+02
1.991403831993106905e+03 9.115845416739111897e+02
1.859262322328753953e+03 1.131345031393373119e+03
1.610254409662221860e+03 1.483282350587512155e+03
1.390081514523723854e+03 1.658849064375186572e+03
1.199709866949197931e+03 1.820303913671536066e+03
7.892454068254770618e+02 2.025409620285561687e+03
3.348984580445031156e+02 2.157494584154514087e+03
-1.689852425010798953e+01 2.157025145613891254e+03
-5.152523629767014199e+02 2.113379606138068084e+03
-9.256473253150151095e+02 1.966780258421140388e+03
-1.306820722415251339e+03 1.747037443157295684e+03
-1.614386945777787787e+03 1.438988366980437149e+03
-1.790683601767764458e+03 1.263419055573938522e+03
-1.937090217813735080e+03 9.994545383564790200e+02
-2.025052828944903695e+03 8.089074895128167100e+02
-2.083416573280924240e+03 5.889610674824712078e+02
-2.142195919884760315e+03 3.691455089002587329e+02
-2.156578718706168729e+03 9.064703740201142068e+01
-2.216410216635737925e+03 -2.025704120671441331e+02
-2.351119549064372677e+03 -3.936525706594734402e+02
-2.545614907162839245e+03 -5.853376074159061773e+02
-2.785146449886120990e+03 -8.512815859998104315e+02
-2.979911795871431877e+03 -1.102834269103110955e+03
-3.144988303680272111e+03 -1.384198998771290462e+03
-3.280321943485496831e+03 -1.680593448720925380e+03
-3.177187588965320629e+03 -1.916987677125587425e+03
-3.044368001140500837e+03 -2.138553462955249415e+03
-2.851692104167962043e+03 -2.256141137700623858e+03
-2.688316446230424845e+03 -2.270083584310514652e+03
-2.450182653808085433e+03 -2.179755752964278599e+03
-2.152453753420734301e+03 -2.029651872567804048e+03
-1.914532425386871410e+03 -1.924265473037961783e+03
-1.914532425386871410e+03 -1.924265473037961783e+03
