 108.522856099   -139.613879910     -0.002457809
 -52.517743156     79.499438442     -0.000713845
  67.120213028    -52.781234553     -0.000572342
-117.052836629    -48.876979507     -0.001261512
  28.629615694      9.353768390     -0.000071103
 -18.738707951    162.152462659     -0.002098374
 -16.481978370     61.171983392     -0.000316001
  -6.779626743    -37.762012804     -0.000115911
  97.957405719     58.362814749     -0.001019991
-131.925269320     47.416498188     -0.001540518
 -86.853379735     48.778630182     -0.000778352
 142.413727774    122.035153997     -0.002761790
  -1.232654104    -92.077660496     -0.000667868
  32.695218420    -67.981857096     -0.000447733
 -39.186799939     13.688266046     -0.000135056
-182.503779221      3.822415064     -0.002610449
  35.260353725     80.432440830     -0.000606927
 137.880030776     63.992228402     -0.001811823
 -41.661875973    -44.985182253     -0.000295359
  45.757569145    -21.476596288     -0.000200352
 146.309328879     14.847562906     -0.001694327
 170.434888649    -49.317466541     -0.002467166
  71.106220801    -96.970823278     -0.001136697
 -43.779868245    128.783647260     -0.001456401
  94.886238888    133.425917968     -0.002107441
 -82.032740786    153.857666101     -0.002391592
   9.503522000    115.772387341     -0.001062713
  25.637077320   -160.932619432     -0.002091314
 -45.995839927   -106.202628058     -0.001054068
  62.041275644    111.239379638     -0.001276127
  98.413651385    -74.336623104     -0.001193959
  63.433290547    168.197605851     -0.002543371
 -58.630329576   -149.420527401     -0.002027723
 177.385060590     61.536390180     -0.002763226
 -76.106610510    -65.474622591     -0.000791398
-130.024982840   -106.005988601     -0.002209490
  70.798639196      6.748676243     -0.000396261
-108.832204611     -2.055823479     -0.000928220
  65.310412560   -164.230193938     -0.002458427
-181.202251860     54.110468967     -0.002802819
 -75.331710333     15.056491544     -0.000462420
 186.828364469     25.594702487     -0.002786017
-184.431398155    -57.970095944     -0.002929383
  51.612950903     37.707611260     -0.000320674
 -60.787287342   -186.193104670     -0.003019906
-157.324779854     94.820095837     -0.002647102
 144.339563351   -114.443623928     -0.002663660
-160.007308901    -24.733962265     -0.002053854
  11.680655305    192.772256725     -0.002937494
 175.812229390    -94.403485334     -0.003123373
  32.248426106    144.425423816     -0.001724298
 -19.990792977   -138.266091598     -0.001536999
-109.717820449     99.407750722     -0.001721347
 105.571823525     23.181295022     -0.000915449
 198.587752020    -15.072683023     -0.003107370
-149.370026187    -76.610755284     -0.002210118
  39.116808847   -117.051109697     -0.001198955
 -90.291696357   -122.365377735     -0.001817962
  -2.972314860     26.602155820     -0.000056430
 123.305720007    -36.119437814     -0.001293847
-126.097968569   -147.927426480     -0.002969114
 -95.927743702   -168.337774880     -0.002952752
 -75.967675177    -26.334247823     -0.000506723
-119.569705813    146.261975063     -0.002804886
 -52.557955691    187.321864202     -0.002980041
  -8.181179990   -191.705300522     -0.002899739
-144.360841717      7.685423738     -0.001637248
  98.932507915    172.705859829     -0.003115951
 111.497242873     99.361198812     -0.001751454
 -22.148348868    100.568292068     -0.000835006
 141.228532701    -76.786834800     -0.002026902
 170.218205835    100.068560314     -0.003058502
  38.559887022   -195.744045798     -0.003134219
-166.626800316   -107.246279512     -0.003080929
  89.188968066    -24.254603824     -0.000669498
 193.465992185   -161.058173035     -0.004975180
 198.674341038   -197.923894227     -0.006177497
-187.696331223    234.918359529     -0.007106378
 132.538949967   -205.238095107     -0.004693727
-280.264009513     96.802406250     -0.006891427
  79.326009158   -290.443466703     -0.007136932
-131.902641804   -215.313205062     -0.005014260
 281.756087667    139.003055563     -0.007740872
-163.852244136   -191.033800607     -0.004977473
 199.902946448    174.745614247     -0.005535546
 -84.654512705   -239.677895875     -0.005085806
-229.303661895    -82.362514866     -0.004653370
  54.653621957   -246.897510650     -0.005035071
-146.490489974    206.642556766     -0.005044255
-289.746682252     55.280715982     -0.006817521
-164.567366276   -237.575685620     -0.006566996
-267.856087228     18.130811428     -0.005646495
-119.163412577    282.440518692     -0.007395291
 279.036366484   -125.350896410     -0.007337144
-227.377740460     61.256370661     -0.004345729
-255.900127904    160.088988574     -0.007148538
  94.260617398    221.473733755     -0.004559267
 263.830689693     48.986693041     -0.005641938
 118.164259444   -256.722652792     -0.006284621
 115.341871851   -174.537241744     -0.003441487
 -63.742012014    277.427187248     -0.006380111
-102.292914475    217.074881918     -0.004531012
 243.210408525   -102.381152471     -0.005459426
 167.903838685    240.269205848     -0.006755267
 -42.706594020    231.203426185     -0.004352987
-231.336653159    194.530765912     -0.007172907
 242.160486494     95.552254289     -0.005313049
-216.848663659    -36.833147290     -0.003790630
 137.156447882    257.391614799     -0.006691585
  53.979833273    261.589376315     -0.005617724
-181.477806364   -139.924960250     -0.004122081
  10.507253491   -246.617070659     -0.004798819
-107.547525636   -273.363730965     -0.006791650
-218.989095609    145.268974985     -0.005418935
-276.253143449   -117.030804156     -0.007057242
-161.490481873    130.958816827     -0.003393773
 157.092888969   -166.298545372     -0.004111390
 -20.478599505    300.043976197     -0.007123315
 224.039107588    145.917070734     -0.005609066
 212.851908213    -69.616813008     -0.003930947
-231.414615137    109.120008275     -0.005133093
  12.833880907    263.144019485     -0.005466609
 177.137689281    143.530059973     -0.004080635
 280.997242630    -10.733074481     -0.006194705
-200.533198491   -200.999753753     -0.006332270
 246.310789544   -160.447473314     -0.006780314
-241.647877304   -198.134057339     -0.007666405
-214.222069862   -167.742012042     -0.005811172
-271.064948648    -76.472065173     -0.006216663
 -40.130267011   -273.428709030     -0.006014501
 225.101310713     63.033655660     -0.004282434
 169.100514860   -221.545085600     -0.006105819
 236.018879266    195.726219226     -0.007381077
  92.183334881    274.562812706     -0.006602998
-278.839456153    -39.154532786     -0.006211742
 305.321049983    -68.045340089     -0.007667539
-180.379095748    189.615368099     -0.005380629
  26.055562733    311.787734822     -0.007709551
-131.807994388    240.428079454     -0.005913780
-215.753580929   -130.106333787     -0.004979884
 235.743063984   -200.926125756     -0.007533329
 -20.706373716   -230.473406330     -0.004217152
 169.587131857   -256.908276324     -0.007451316
 295.690772527     31.677799625     -0.006928481
 219.342164837   -131.213295508     -0.005124986
 172.903672190    203.775807434     -0.005612476
 250.051867265      9.785662939     -0.004905783
  -4.045991543    228.222957975     -0.004103545
 202.518192928    222.839742122     -0.007124000
 205.727275614    108.563125312     -0.004243872
-309.548123948     23.427242409     -0.007549707
-319.794357172    -86.409819766     -0.008599715
 416.478995404    -62.957222765     -0.013900505
-383.245255607   -119.145462400     -0.012624288
  64.309238076    392.497057643     -0.012457246
  86.880338245   -367.273909786     -0.011215239
-168.164433097   -346.123962679     -0.011650944
 -40.875550663   -354.489478361     -0.010028067
 388.851093465   -143.102980144     -0.013458194
-342.824375408   -186.930007448     -0.011959200
 -41.981515156    416.163075644     -0.013778617
-256.358680718    222.560653567     -0.009049674
 319.313694354   -224.990572889     -0.011974456
 208.891155399   -330.842922390     -0.012039192
 413.986412163     14.878185851     -0.013443604
  89.827960311    366.428817577     -0.011207212
 147.419132855   -290.825233142     -0.008363952
-334.561602426    110.207975065     -0.009725240
 330.896972040   -132.858902823     -0.009967823
-346.620993999    148.727530627     -0.011154326
 173.502950093   -314.343037025     -0.010140648
 136.404447445   -336.900519459     -0.010396986
  10.845086132   -420.028103934     -0.013904301
 268.178584756   -243.079829732     -0.010287889
-173.064846426    358.286314014     -0.012456702
-309.969991786    200.650820699     -0.010697884
-101.045649191   -362.477447731     -0.011148103
-323.026877424    -17.167172935     -0.008197637
   2.495222410    372.961947219     -0.010956026
 323.726615940    134.162272129     -0.009627519
 328.963669453     64.317772819     -0.008803469
-304.938430947    141.864500125     -0.008869660
 230.116737862    349.541010090     -0.013771149
-211.594585225   -355.024137790     -0.013434482
-255.216156476   -234.860357420     -0.009446997
-327.919808388     61.682957907     -0.008723605
 342.757483271    -87.781028140     -0.009810402
 376.648225609      2.151671104     -0.011113890
 357.436691532    146.803727983     -0.011706092
 402.903952867     64.399837690     -0.013043595
  42.376643984   -333.661145649     -0.008908989
-295.415247513   -272.587800317     -0.012688865
 -73.296043055    394.898060108     -0.012703022
-214.657334923   -292.719783439     -0.010358225
 208.136490544    321.617393875     -0.011540461
 259.918423451    264.439934381     -0.010799971
   9.364025175   -320.795995343     -0.008112046
 378.246916578    -57.349499770     -0.011467107
-336.752003571    237.618800790     -0.013330824
 249.990802343    -61.901327764     -0.005197640
-103.530396346   -409.933460514     -0.014074908
 -73.401236231   -320.316437782     -0.008503034
-408.687567297      3.281950187     -0.013085520
  84.066924937   -403.284158283     -0.013362987
-354.838401790     15.099372814     -0.009881686
  92.139166374   -328.739638598     -0.009176623
 150.300425254    419.509540029     -0.015630506
 109.044727008    433.774447071     -0.015750983
 155.598411538    366.535654841     -0.012477917
 120.665123139    346.404654612     -0.010591504
 121.490688624    393.560323625     -0.013355375
 185.531457963    389.251613014     -0.014630027
-433.566705894    -77.322011164     -0.015197118
-363.076645815    -79.283176404     -0.010822127
-421.748648337    -31.876672150     -0.014014400
-438.962872403   -125.392009531     -0.016333436
-466.430140765    -97.681718424     -0.017794783
-391.160082985    -54.604250108     -0.012221238
 318.376295744   -343.001166888     -0.017206820
 282.401808530   -324.949749746     -0.014564053
 286.448722164   -276.512158241     -0.012449860
 250.382843911   -343.651143686     -0.014212441
 310.474526868   -303.275554002     -0.014795492
 241.466872748   -306.448488385     -0.011964058
