1.176470588235298265e-01 1.176470588235294656e-01 1.176470588235295489e-01
1.198843830066698979e-01 1.198536210099619415e-01 1.316390534495462672e-01
1.223281032029989168e-01 1.223183312228963149e-01 1.419382989334453948e-01
1.244416255125187498e-01 1.244112065489050845e-01 1.558541275444895735e-01
1.268113821352736537e-01 1.268000793176448648e-01 1.660539956684589646e-01
1.291569201183775106e-01 1.291584834530505321e-01 1.762090068883295502e-01
1.311097169937513185e-01 1.311075794816578821e-01 1.899932300302523691e-01
1.333958748952109585e-01 1.333960103149926801e-01 2.000650751161415775e-01
1.352771398672328595e-01 1.352606702895560176e-01 2.136136545293082500e-01
1.370660567552386688e-01 1.370630125912835617e-01 2.272517165380473214e-01
1.392834796699629896e-01 1.392438616940473439e-01 2.372104469961832662e-01
1.409703643404728313e-01 1.409640736802515171e-01 2.507607441095122680e-01
1.431511332987559781e-01 1.430808523119466713e-01 2.606631745696264546e-01
1.453248852475774455e-01 1.451701642277901938e-01 2.705459725542164184e-01
1.468930849204714839e-01 1.467788493845588182e-01 2.839812751293744331e-01
1.490407360646886781e-01 1.488061024887370465e-01 2.938206942606393923e-01
1.507265232754300965e-01 1.502863590169641606e-01 3.070594407289260475e-01
1.521766482877577320e-01 1.517727817119494671e-01 3.203764396428979699e-01
1.543044672365151138e-01 1.536984487834862911e-01 3.301656540529464556e-01
1.556776476515652208e-01 1.551179198765861300e-01 3.434089264125898544e-01
1.577951172120980183e-01 1.569833926571926885e-01 3.531732951738915660e-01
1.599153958370266859e-01 1.588228417750743582e-01 3.629317412555198019e-01
1.612088932243064543e-01 1.601445765650734987e-01 3.760915512810386052e-01
1.633255023171158449e-01 1.619247661718302700e-01 3.858328836099627623e-01
1.649565262093724005e-01 1.630233488422365706e-01 3.989287874988115545e-01
1.661721396639897208e-01 1.642319263393471340e-01 4.120040858220496149e-01
1.682996712514855941e-01 1.659121965770754548e-01 4.217320690955952966e-01
1.694601725910188927e-01 1.670606640111631236e-01 4.347508381882930761e-01
1.715939796566243736e-01 1.686824425834027585e-01 4.444725981738421594e-01
1.737355578188601313e-01 1.702795235126203788e-01 4.541949142248648541e-01
1.748470809792157243e-01 1.713358114752295824e-01 4.671571934483533250e-01
1.769988647390527414e-01 1.728750783161425164e-01 4.768775235845537641e-01
1.786689817103502553e-01 1.735826791184680029e-01 4.899326816700839138e-01
1.797339278225199843e-01 1.745279961033562310e-01 5.028375493398026252e-01
1.819145495605658525e-01 1.759680905605410239e-01 5.125642306203397336e-01
1.829415207660637088e-01 1.768562346415618880e-01 5.254268248772987482e-01
1.851382390768128161e-01 1.782389950776062659e-01 5.351575327307342977e-01
1.873448035383792343e-01 1.795984110739304029e-01 5.448915371703234589e-01
1.883453925083858893e-01 1.803963560350557715e-01 5.577172792243810795e-01
1.905701759828129782e-01 1.816990403820248068e-01 5.674575129533070417e-01
1.923385708711073672e-01 1.820017388387838719e-01 5.805300607954724246e-01
1.933157248085726754e-01 1.826876099835077760e-01 5.933178725452127322e-01
1.955788262712498948e-01 1.838915213336058674e-01 6.030743362106052441e-01
1.965308394248948543e-01 1.845212341781714283e-01 6.158305441408777892e-01
1.988153392808215125e-01 1.856687534839043530e-01 6.255963957652340701e-01
2.011100884825701707e-01 1.867942350260838880e-01 6.353664600054348410e-01
2.020517194642531544e-01 1.873339906112988507e-01 6.480993955765185222e-01
2.043688219177900445e-01 1.884036236129822961e-01 6.578799135790709407e-01
2.062703983702490196e-01 1.882838411239839416e-01 6.710013450452929629e-01
2.072051262115424675e-01 1.887084598264794910e-01 6.837098398318401937e-01
2.095645589705901757e-01 1.896792519395541221e-01 6.935110569006482928e-01
2.104834657275849730e-01 1.900476156157892282e-01 7.061956799846117461e-01
2.128666360832341953e-01 1.909627334474515437e-01 7.160088812196908625e-01
2.152595100773752046e-01 1.918570112300616859e-01 7.258263522676027257e-01
2.161789619490915304e-01 1.921345624563756682e-01 7.384969340763759549e-01
2.185957826044769847e-01 1.929736337187305806e-01 7.483268289355163860e-01
2.206485862383779084e-01 1.924090669954377497e-01 7.615129711001017432e-01
2.215725309169204738e-01 1.925667771537252493e-01 7.741683277531348217e-01
2.240321782139533258e-01 1.933062225534625256e-01 7.840204519164656327e-01
2.249468672101743727e-01 1.934067486990163065e-01 7.966575000864062339e-01
2.274306718601408761e-01 1.940909306657503941e-01 8.065226582309890091e-01
2.299231266860669032e-01 1.947553303636924693e-01 8.163917629810022447e-01
2.308454720449870656e-01 1.947632206538265354e-01 8.290210147806478247e-01
2.333618292287030216e-01 1.953727276088378928e-01 8.389032532555829036e-01
2.355722596449966733e-01 1.943344399810420231e-01 8.521607863119060600e-01
2.458540729148074311e-01 1.964635249135392447e-01 8.516321195258710341e-01
2.589346830123719356e-01 1.955843649614280033e-01 8.535586516917554878e-01
2.707519422507759788e-01 1.979275739563010061e-01 8.501724848534550905e-01
2.836668052200375656e-01 1.966570732678563638e-01 8.518986652681974636e-01
2.968981392293127963e-01 1.966828274293017653e-01 8.501790158070459125e-01
3.081527298773779067e-01 1.969400228465494895e-01 8.498888774558945869e-01
3.212588415157784372e-01 1.965321370963391545e-01 8.479751408483211517e-01
3.323834578138761819e-01 1.964647128960989586e-01 8.475200469157110339e-01
3.453574682606046498e-01 1.956374123722566805e-01 8.454068255881124205e-01
3.549022295628074253e-01 1.948937480835244984e-01 8.476231730610875870e-01
3.663482799521890487e-01 1.957493276599414633e-01 8.436535899016103235e-01
3.786388590747994387e-01 1.930110145611589334e-01 8.445473094212491150e-01
3.913453600638846508e-01 1.914067745167780943e-01 8.420302431034488722e-01
4.020775029144558199e-01 1.904460446582945110e-01 8.410973668717245388e-01
4.146254120698329992e-01 1.884562253909578267e-01 8.383716024509607623e-01
4.252030078912161226e-01 1.872222691217089452e-01 8.372738701896916824e-01
4.370463336619572758e-01 1.835679208649644845e-01 8.376247532842273635e-01
4.493271019578632397e-01 1.810035871111697892e-01 8.345690126829110600e-01
4.571361878193766493e-01 1.814699996723560527e-01 8.346780671834939103e-01
4.692816212913666907e-01 1.785965598623429906e-01 8.314523061763153811e-01
4.807723610425391203e-01 1.742518925025457743e-01 8.313929276374979471e-01
4.914554745821831383e-01 1.734915841441329598e-01 8.265539508223788134e-01
5.027567234396970175e-01 1.687871110495886007e-01 8.262979991703702787e-01
5.132770966476760677e-01 1.677711076460888517e-01 8.213063929211115166e-01
5.243872125345011570e-01 1.626968536743584604e-01 8.208601224656026929e-01
5.359465034058050747e-01 1.586681889619682428e-01 8.170033932517916098e-01
5.456624726420197247e-01 1.559679372250676599e-01 8.150928120365897867e-01
5.548508617804259746e-01 1.541962576805067098e-01 8.127661189745015724e-01
5.655897382444036170e-01 1.483400567562157268e-01 8.119516343490501553e-01
5.756550808547019615e-01 1.465349112254588360e-01 8.065557231429909546e-01
5.862040156427285043e-01 1.402286707394098386e-01 8.055733330057850416e-01
5.955580237732684967e-01 1.368074635416021978e-01 8.033759644896828478e-01
6.064699736757923620e-01 1.313378161757104146e-01 7.989115037056186974e-01
6.167265639786253528e-01 1.241485676206290356e-01 7.976787406216309106e-01
6.263949260712545763e-01 1.215630485822906393e-01 7.919848884678496459e-01
6.364709442799425521e-01 1.137092991605182513e-01 7.906082787895661879e-01
6.451244169821707120e-01 1.105651333038525364e-01 7.877178471234859147e-01
6.540610017136533338e-01 1.058689773709902970e-01 7.852293129783317616e-01
6.644267892434522205e-01 9.847052620257229494e-02 7.803078580478856052e-01
6.732274006470946315e-01 9.313571550829355394e-02 7.777392932665500025e-01
6.834151573842225380e-01 8.469890930758444680e-02 7.726886988159165082e-01
6.929845111553341042e-01 7.347603149069290018e-02 7.709233774776684811e-01
7.021014664845244280e-01 6.854778308344125493e-02 7.648801669162220707e-01
7.115122484138304282e-01 5.494333865077487972e-02 7.630101011964381952e-01
7.213357353266518501e-01 4.154378287497455940e-02 7.577027682024892741e-01
7.281698293453277016e-01 3.854897151033607333e-02 7.569699527499870184e-01
7.378654456540592044e-01 2.327499937007714015e-02 7.515772442476821302e-01
7.462002413524365663e-01 1.248173119103017717e-02 7.487729966541587512e-01
7.552595441908065421e-01 0.000000000000000000e+00 7.466793478550336483e-01
7.647162981036365048e-01 0.000000000000000000e+00 7.411449234449165591e-01
7.728949214397962120e-01 0.000000000000000000e+00 7.382828562386584137e-01
7.822077151070538914e-01 0.000000000000000000e+00 7.326743942139384291e-01
7.909767890368647469e-01 0.000000000000000000e+00 7.304169445785747561e-01
7.994666718842032838e-01 0.000000000000000000e+00 7.241126106204424095e-01
8.067508489579069408e-01 0.000000000000000000e+00 7.238939935983280671e-01
8.151651068552897561e-01 0.000000000000000000e+00 7.175701948795201179e-01
8.237202382404481549e-01 0.000000000000000000e+00 7.152144649472973459e-01
8.326437805413426929e-01 0.000000000000000000e+00 7.094166159107533343e-01
8.404870836984464910e-01 0.000000000000000000e+00 7.064790455816329917e-01
8.492929651930346546e-01 0.000000000000000000e+00 7.006410502924644845e-01
8.576135127085549037e-01 0.000000000000000000e+00 6.981878158603728179e-01
8.657583492976816952e-01 0.000000000000000000e+00 6.918305953017613863e-01
8.739833808644011937e-01 0.000000000000000000e+00 6.893507761205470707e-01
8.816546795277183657e-01 0.000000000000000000e+00 6.864133054007509616e-01
8.801323400771338124e-01 0.000000000000000000e+00 6.899331263084185206e-01
8.778602113555554753e-01 0.000000000000000000e+00 6.966945140158994354e-01
8.752169556089541835e-01 0.000000000000000000e+00 7.032664835685110694e-01
8.714081202235967050e-01 6.371218831303118724e-02 7.089567631697739625e-01
8.678962677757166011e-01 1.076930375607831614e-01 7.150406574358479928e-01
8.639570193852537106e-01 1.409806986159522213e-01 7.208866291093215528e-01
8.595734846383328298e-01 1.692499568468311677e-01 7.264793248599084041e-01
8.536345780072374101e-01 1.975079765263113574e-01 7.308414183467577541e-01
8.482352472679681732e-01 2.206311673006705054e-01 7.358090385297529901e-01
8.423452356908402994e-01 2.423602048807559362e-01 7.404763255635876673e-01
8.350968684426237632e-01 2.660672985738850027e-01 7.401374849337454265e-01
8.281136365194456950e-01 2.857853273900826663e-01 7.440782020161702537e-01
8.206072348423210094e-01 3.048307501133745712e-01 7.476761032767972326e-01
8.125713178002673676e-01 3.233059796736934555e-01 7.509188811271971797e-01
8.023033184733945333e-01 3.436044179590569403e-01 7.522562484253639825e-01
7.931202413491088565e-01 3.610843132576419534e-01 7.546738663065440944e-01
7.834043440547103776e-01 3.781605574764982380e-01 7.567044382042648065e-01
7.712194477709780616e-01 3.970112042651201545e-01 7.565417808136344346e-01
7.603808629833271882e-01 4.132975997542187030e-01 7.576940724035932107e-01
7.490309189316285421e-01 4.292375960868680673e-01 7.584386311944869563e-01
7.371810486443489685e-01 4.448390337411760598e-01 7.587710338709755531e-01
7.231042730431445076e-01 4.623688100314140015e-01 7.529964721344106771e-01
7.102336048213441222e-01 4.772477979529461956e-01 7.524138221329915721e-01
6.969134245747306000e-01 4.917959597793323812e-01 7.514154284331934219e-01
6.807806765818276151e-01 5.077584200848221929e-01 7.476457174080499701e-01
6.665775719934204924e-01 5.215861180743618375e-01 7.457532148658686522e-01
6.519919787011169143e-01 5.350815238926315276e-01 7.434554437719943509e-01
6.370471070538449299e-01 5.482443541819425059e-01 7.407579002805763091e-01
6.192183358249891967e-01 5.625810294057878025e-01 7.350496560498613885e-01
6.035935628588776636e-01 5.750236999316319375e-01 7.315189598877424038e-01
5.876830380345070548e-01 5.871372232907203781e-01 7.276156891168411578e-01
5.688636488781887435e-01 6.002560844209269275e-01 7.205731456000064039e-01
5.527584390288164951e-01 6.119985198483282041e-01 7.122544421501778578e-01
5.360848166818709126e-01 6.230900334677144103e-01 7.072513868200380749e-01
5.192110278736410400e-01 6.338687027964194920e-01 7.019261769065029410e-01
4.993831077259735518e-01 6.454618414800968873e-01 6.933604347162968251e-01
4.821253131900959388e-01 6.555872995131235559e-01 6.874030282385187318e-01
4.647089800079741706e-01 6.654215825191427403e-01 6.811689301774502825e-01
4.471428198912820728e-01 6.749726089286660624e-01 6.746727764839219876e-01
4.264930367044054149e-01 6.851908467216794030e-01 6.649034973026105577e-01
4.085834223166733281e-01 6.941628779612325495e-01 6.579122090557546487e-01
3.905182392176105299e-01 7.028799758076427207e-01 6.507061605906759860e-01
3.693878130415930161e-01 7.124680633776063754e-01 6.365332964671198690e-01
3.508790810826561413e-01 7.206662511145283112e-01 6.289322320223977858e-01
3.321448322903763906e-01 7.286398895724989222e-01 6.211618431720041800e-01
3.131442973924738471e-01 7.363987575535339003e-01 6.132354171197300641e-01
2.901449779929637929e-01 7.446547999059965894e-01 6.021006074625809834e-01
2.702233158582179606e-01 7.519882681271040648e-01 5.939022531377721181e-01
2.497507955672746971e-01 7.591377148029442301e-01 5.855863697995538075e-01
2.240491990923596521e-01 7.667397438962342271e-01 5.741153934356081345e-01
2.014822343623071665e-01 7.735289067245311179e-01 5.656033518927885417e-01
1.774553002508503785e-01 7.801633458118769626e-01 5.570058679437136506e-01
1.512887958070820438e-01 7.866519558628645159e-01 5.483318279313690313e-01
1.141972890561242793e-01 7.937694060201354596e-01 5.328784268957206249e-01
7.550983224590590570e-02 7.999707330611801614e-01 5.240862226516292965e-01
1.661758059781703531e-02 8.060527613106217570e-01 5.152403879405753617e-01
0.000000000000000000e+00 8.125245302315859952e-01 5.033725393903710765e-01
0.000000000000000000e+00 8.183793951986063631e-01 4.944465472578373766e-01
0.000000000000000000e+00 8.241391965458907398e-01 4.854827991783052243e-01
0.000000000000000000e+00 8.298112911780515244e-01 4.764852470731833489e-01
0.000000000000000000e+00 8.358567706168354983e-01 4.645231402244348051e-01
0.000000000000000000e+00 8.413790065770350157e-01 4.554864093658454460e-01
0.000000000000000000e+00 8.468782073001045463e-01 4.464601631817812222e-01
0.000000000000000000e+00 8.527321842478295943e-01 4.344860049478574404e-01
0.000000000000000000e+00 8.567350668102737821e-01 4.302048465119548970e-01
0.000000000000000000e+00 8.606961712003136089e-01 4.258662389577700380e-01
0.000000000000000000e+00 8.646635135318999632e-01 4.215120490772225059e-01
0.000000000000000000e+00 8.686042838180770831e-01 4.171148980101762604e-01
0.000000000000000000e+00 8.729229770809696642e-01 4.097487753697091617e-01
0.000000000000000000e+00 8.767763375128575509e-01 4.052385196283010416e-01
0.000000000000000000e+00 8.805819993255047384e-01 4.006699663157007874e-01
0.000000000000000000e+00 8.841964362918973697e-01 3.998130400191613476e-01
0.000000000000000000e+00 8.883248436712082308e-01 3.922198624376751486e-01
0.000000000000000000e+00 8.919765286036253071e-01 3.874784835578867215e-01
1.525054368595388883e-03 8.955716887176249363e-01 3.826755102697623756e-01
6.581344045542408816e-02 8.991083060495571599e-01 3.778105828307691261e-01
9.812403891961982150e-02 9.030173306934949906e-01 3.699679085470734541e-01
1.329975241492402649e-01 9.064351780567357908e-01 3.649780373544520562e-01
1.623435654946995543e-01 9.097895240965927499e-01 3.599259982693920334e-01
1.882283148439488629e-01 9.129532495113362733e-01 3.586404330315128286e-01
2.124246258037448820e-01 9.161777252818509298e-01 3.534705398224699535e-01
2.303225318099188512e-01 9.197906567934062139e-01 3.453190418598173772e-01
2.523640690775754147e-01 9.228841198388414435e-01 3.400252313252106195e-01
2.735242355284773774e-01 9.259074488359766431e-01 3.346711326597990865e-01
2.939983786407651678e-01 9.288594708644203335e-01 3.292576803707047417e-01
3.100624071199251652e-01 9.322216286458824275e-01 3.208492690941698311e-01
3.297072068328401606e-01 9.350362936883540588e-01 3.153164645658789178e-01
3.488229119540073864e-01 9.376692964103362504e-01 3.135974509622091455e-01
3.677640784996030754e-01 9.403377479941286143e-01 3.079555746896289747e-01
3.830478263963315033e-01 9.434483771619831538e-01 2.993013417741905435e-01
4.015679437384471751e-01 9.459758834441734932e-01 2.935463005814491488e-01
4.198760741381775130e-01 9.484273032988005392e-01 2.877401843447224827e-01
4.380008985171841007e-01 9.508021263979570259e-01 2.818850246309606011e-01
4.528496291097486304e-01 9.536587087550173480e-01 2.729726665999593349e-01
4.707228151706178143e-01 9.558914326247883730e-01 2.670129485817965276e-01
4.883775616851713797e-01 9.579586046661018317e-01 2.648985395401103338e-01
5.060065247958414059e-01 9.600392453140459414e-01 2.588507988157645046e-01
5.235293971943315583e-01 9.620424221249131991e-01 2.527638414190080396e-01
5.380216155820056745e-01 9.645901766822108092e-01 2.435429776405936830e-01
5.553847222144333573e-01 9.664528332612202233e-01 2.373634636494628136e-01
5.726631184731405533e-01 9.682385234322216094e-01 2.311517085497521440e-01
5.898629084450449644e-01 9.699474019020734028e-01 2.249111014673413900e-01
6.041333640032185981e-01 9.722580643051567106e-01 2.154048881320628217e-01
6.211436879347136397e-01 9.737621916272606315e-01 2.129588841704372904e-01
6.381498291814443613e-01 9.752612202158313925e-01 2.066013380360297580e-01
6.550912549596317191e-01 9.766851088431808270e-01 2.002249392156892904e-01
6.691597583189425880e-01 9.787750683079133873e-01 1.904114826746017841e-01
6.859870395371825413e-01 9.800674800060579228e-01 1.839545218443499885e-01
7.027550170654833783e-01 9.812866576081017422e-01 1.774867909489797058e-01
7.194653059746317636e-01 9.824332272124739474e-01 1.710129947859548860e-01
7.333343100323798103e-01 9.843148189619651545e-01 1.607856432554594095e-01
7.498944278775495631e-01 9.852889933278591306e-01 1.580681412112235340e-01
7.664441740547524029e-01 9.862431921503241883e-01 1.514878223813591052e-01
7.829394778837234226e-01 9.871280305893731510e-01 1.449113635965156854e-01
7.993809469229301579e-01 9.879443602440708405e-01 1.383443918858737742e-01
8.130013736928739521e-01 9.895895575992909032e-01 1.274667177355248981e-01
8.293383835364029899e-01 9.902910779398265140e-01 1.207886453030785345e-01
8.456224087070729478e-01 9.909270770628503255e-01 1.141243917482539783e-01
8.618537083889490358e-01 9.914985448051260031e-01 1.074801900259778897e-01
8.752466509399059458e-01 9.929467864288435974e-01 9.944147993108740091e-02
8.913763102438064800e-01 9.934145159263413349e-01 9.256710010437035896e-02
9.074536278563951619e-01 9.938209540869989977e-01 8.569903743482704117e-02
9.234787322088422457e-01 9.941671890159572422e-01 7.884120975654243524e-02
9.367015097980917471e-01 9.954987627178871756e-01 6.527185255017156629e-02
9.526240151018033897e-01 9.957483287032761199e-01 5.795856775204111938e-02
9.684947116211711782e-01 9.959411659165645636e-01 5.058580364651419498e-02
9.843137254901944688e-01 9.960784313725493666e-01 4.313725490195676610e-02
